id,name,record_type,record_id,blob_id,key,filename,content_type,metadata,byte_size,checksum
336,images,Modules::Hmsk::CheckList,968,336,Vux47Hw71vFApUX59jcSND4L,image-1655371055496,image/jpeg,"{""identified""=>true, ""width""=>1080, ""height""=>768, ""analyzed""=>true}",94438,69SWhMnMdW8hWMY8bZ1dUg==
346,images,Modules::Hmsk::CheckList,976,346,gm5HMFtydggnPhHibw6DMqKw,image-1655403854116,image/jpeg,"{""identified""=>true, ""width""=>1080, ""height""=>1441, ""analyzed""=>true}",165675,cGOdDttGeLFynmguAQJSnQ==
399,images,Modules::Hmsk::CheckList,1001,399,QCP1Z8Wfz2Fq6ucxYEYBQFfc,image-1655898971527,image/jpeg,"{""identified""=>true, ""width""=>578, ""height""=>734, ""analyzed""=>true}",68757,ocHB87NfhhJGeSvNgjAfzw==
400,images,Modules::Hmsk::CheckList,1001,400,4ShvBxKCXLqJPGkSf4DXaRSn,image-1655898981117,image/jpeg,"{""identified""=>true, ""width""=>579, ""height""=>740, ""analyzed""=>true}",103597,KWbPblzRtOKq1/RymzFuOA==
401,images,Modules::Hmsk::CheckList,1001,401,5QFiDFf1ztcnQHYy8tCvz3Sk,image-1655899015242,image/jpeg,"{""identified""=>true, ""width""=>579, ""height""=>740, ""analyzed""=>true}",103597,KWbPblzRtOKq1/RymzFuOA==
454,images,Modules::Hmsk::CheckList,1030,454,9eWjjvFJoJJneCRfoDHUtcRw,image-1656550605641,image/jpeg,"{""identified""=>true, ""width""=>1080, ""height""=>1440, ""analyzed""=>true}",491988,Fa98iV/2BEsNMIqcbLbWJQ==
455,images,Modules::Hmsk::CheckList,1030,455,Tb9SCibPMFsNe68MbwXXRVGw,image-1656550611046,image/jpeg,"{""identified""=>true, ""width""=>1080, ""height""=>1440, ""analyzed""=>true}",283649,nG+c2h4MLA0tQ3ELAxvwog==
645,images,Modules::Hmsk::CheckList,1124,645,cxxdg27vCbQWGkLLuHJM8NWM,image-1658386969184,image/jpeg,"{""identified""=>true, ""width""=>1080, ""height""=>1440, ""analyzed""=>true}",185392,9nPz9F08GoaJNUNjtHpNAA==
646,images,Modules::Hmsk::CheckList,1124,646,mzkb4yxivVXT6qVwng246yuK,image-1658386977149,image/jpeg,"{""identified""=>true, ""width""=>1080, ""height""=>1440, ""analyzed""=>true}",121421,P9gnDXXPm3Z7bWT+Xy0kdA==
687,images,Modules::Hmsk::CheckList,1158,687,9MGwAwHGt3nNajEn7xv5n1sf,image-1659209452336,image/jpeg,"{""identified""=>true, ""width""=>1080, ""height""=>1440, ""analyzed""=>true}",161883,o3uWWrwBy4avci1yuf3d2g==
688,images,Modules::Hmsk::CheckList,1158,688,y6eSnrtsrFTa9sLKEVYvJ1vK,image-1659209478102,image/jpeg,"{""identified""=>true, ""width""=>1080, ""height""=>810, ""analyzed""=>true}",128947,RQXq+BM8NO3OMzaWd5GBSw==
689,images,Modules::Hmsk::CheckList,1158,689,cebTvC9RseJVAW4M1Y89EYpd,image-1659209503711,image/jpeg,"{""identified""=>true, ""width""=>1080, ""height""=>1440, ""analyzed""=>true}",224250,/5ySYXm7ctb0Ukapbq32iw==
690,images,Modules::Hmsk::CheckList,1158,690,vQNMuRAsVfnnzWPbw7Tax1ea,image-1659209514693,image/jpeg,"{""identified""=>true, ""width""=>1080, ""height""=>1440, ""analyzed""=>true}",246660,iafarSsBY6D2PVhTNmK+XQ==
763,images,Modules::Hmsk::CheckList,1197,752,hLDYHBov4XLzjYq2oLcc1fCo,image-1660129110375,image/jpeg,"{""identified""=>true, ""width""=>559, ""height""=>748, ""analyzed""=>true}",48991,nWBRYJIOuOBpnkB53hk/8A==
764,images,Modules::Hmsk::CheckList,1197,753,Eyt4bZ6qy2SRLETrEKMxv7Hr,image-1660129117745,image/jpeg,"{""identified""=>true, ""width""=>559, ""height""=>748, ""analyzed""=>true}",48991,nWBRYJIOuOBpnkB53hk/8A==
815,images,Modules::Hmsk::CheckList,1228,804,1aA76ECrFB73ieHmJ7KBJnSW,image-1660699388276,image/jpeg,"{""identified""=>true, ""width""=>640, ""height""=>480, ""analyzed""=>true}",90724,Tw5L5tjuh+VgRtHMNBo3ow==
816,images,Modules::Hmsk::CheckList,1228,805,m87ArvqTDJAe9ddarTy8irao,image-1660699400206,image/jpeg,"{""identified""=>true, ""width""=>640, ""height""=>480, ""analyzed""=>true}",59379,tvD1VXHFB7IE/VW4G7PObw==
817,images,Modules::Hmsk::CheckList,1228,806,RzH8GLjeszZKQAsbZVrtAhnW,image-1660699416562,image/jpeg,"{""identified""=>true, ""width""=>480, ""height""=>640, ""analyzed""=>true}",56949,Sa1e9SY9AY8Y/uoIy24nQg==
818,images,Modules::Hmsk::CheckList,1228,807,cFie5waTT65FAxBfRzpXvt5m,image-1660699484430,image/jpeg,"{""identified""=>true, ""width""=>480, ""height""=>640, ""analyzed""=>true}",47218,RNloiiI9A5nltPk3p3umrg==
819,images,Modules::Hmsk::CheckList,1228,808,P5VVuWAZN8j4YbERmdBKAhnr,image-1660699828216,image/jpeg,"{""identified""=>true, ""width""=>480, ""height""=>640, ""analyzed""=>true}",59035,3pwChp89xaOQEn2KdmKbnQ==
820,images,Modules::Hmsk::CheckList,1228,809,N4wjBRjCyN8cvyaGV4swqwK3,image-1660699839118,image/jpeg,"{""identified""=>true, ""width""=>640, ""height""=>480, ""analyzed""=>true}",40204,Zr66RQhJ5P8Rmw1l9gOK6g==
821,images,Modules::Hmsk::CheckList,1228,810,rguKUkoUgv5XyitbKrgr2Qkn,image-1660699970962,image/jpeg,"{""identified""=>true, ""width""=>480, ""height""=>640, ""analyzed""=>true}",37619,4uyD3Jt+uxzep+oh8qPIYA==
822,images,Modules::Hmsk::CheckList,1228,811,UjzQgC37X7WDxbfznEoHkhWD,image-1660699986577,image/jpeg,"{""identified""=>true, ""width""=>480, ""height""=>640, ""analyzed""=>true}",56949,Sa1e9SY9AY8Y/uoIy24nQg==
823,images,Modules::Hmsk::CheckList,1228,812,cqHVrEHhyGQG3cuguWcc18vV,image-1660700038694,image/jpeg,"{""identified""=>true, ""width""=>480, ""height""=>640, ""analyzed""=>true}",67874,PLzFF4OHuwiRTjFhx91hZw==
951,images,Modules::Hmsk::CheckList,1326,940,MHiYA3RnayFxBPPEGsS1fNAd,image-1662602577598,image/jpeg,"{""identified""=>true, ""width""=>1080, ""height""=>1440, ""analyzed""=>true}",182528,huTMvyrOMDEvLHXWqC5Cbw==
952,images,Modules::Hmsk::CheckList,1326,941,uABD7kQAAq2VwaEB33rctDny,image-1662602590973,image/jpeg,"{""identified""=>true, ""width""=>1080, ""height""=>1440, ""analyzed""=>true}",131355,PRfEQUDvJ05GPri+f6daLw==
953,images,Modules::Hmsk::CheckList,1326,942,ugjy2monr7wK4PsygQ8AFzb7,image-1662602600966,image/jpeg,"{""identified""=>true, ""width""=>1080, ""height""=>1440, ""analyzed""=>true}",237602,SZTgag4F+7tQNQ6Ei8nMlQ==
954,images,Modules::Hmsk::CheckList,1326,943,X1115T8ycBm7WtQEHHgsvPpc,image-1662602605815,image/jpeg,"{""identified""=>true, ""width""=>1080, ""height""=>1440, ""analyzed""=>true}",244678,/XprjMpBTACCWqA91JeKKA==
955,images,Modules::Hmsk::CheckList,1326,944,6w2rfeRKjBjAk534AxgfYpGZ,image-1662602614066,image/jpeg,"{""identified""=>true, ""width""=>1080, ""height""=>1440, ""analyzed""=>true}",219233,bM3jvRpjz1IxIhyeg+mJVQ==
956,images,Modules::Hmsk::CheckList,1326,945,cueJZuh4gArvxjJJvuUM5J8D,image-1662602622530,image/jpeg,"{""identified""=>true, ""width""=>1080, ""height""=>1440, ""analyzed""=>true}",222058,DM5JpVexBQUDxKyvfZXmfQ==
957,images,Modules::Hmsk::CheckList,1326,946,xRUwBtawjZg8TmkTmAEM2zdh,image-1662602628249,image/jpeg,"{""identified""=>true, ""width""=>1080, ""height""=>1440, ""analyzed""=>true}",246141,T6kN/93rSYtj0TsbBOFpZA==
958,images,Modules::Hmsk::CheckList,1326,947,cyyYbvevBZyy7GjTJjFn92KN,image-1662602633573,image/jpeg,"{""identified""=>true, ""width""=>1080, ""height""=>1440, ""analyzed""=>true}",266042,YHAIzReMtrm2n/UBAsBzvA==
959,images,Modules::Hmsk::CheckList,1326,948,pKomasAg3ozb6xQVuVurzUSp,image-1662602639772,image/jpeg,"{""identified""=>true, ""width""=>1080, ""height""=>1440, ""analyzed""=>true}",211841,j8XCtue/9q0L+Auma3rgIg==
988,images,Modules::Hmsk::CheckList,1357,977,oibK1VyJKt9it4RL5gxKe9bn,image-1663206940184,image/jpeg,"{""identified""=>true, ""width""=>1080, ""height""=>810, ""analyzed""=>true}",138382,KWGld0lbCPd5iamfZnx0SA==
989,images,Modules::Hmsk::CheckList,1357,978,FRP5tz8VtWuqRv5bUq5MnKfB,image-1663206950833,image/jpeg,"{""identified""=>true, ""width""=>1080, ""height""=>1440, ""analyzed""=>true}",237094,jkALUzRkP1LPA0vd19079w==
990,images,Modules::Hmsk::CheckList,1357,979,2GjiqqeBjBVctdC6aWCUfmwG,image-1663206963331,image/jpeg,"{""identified""=>true, ""width""=>1080, ""height""=>1440, ""analyzed""=>true}",265374,PqJXl1HVVftZ2me5EFCuFA==
991,images,Modules::Hmsk::CheckList,1357,980,5hTnowrjBEtCSKAMe5wPxQdJ,image-1663206975869,image/jpeg,"{""identified""=>true, ""width""=>1080, ""height""=>1440, ""analyzed""=>true}",323295,A8YwGyRNd7WlW2TNs4P/9Q==
992,images,Modules::Hmsk::CheckList,1357,981,igMZMCY4JazWREcPQ9TtyNQX,image-1663206986482,image/jpeg,"{""identified""=>true, ""width""=>1080, ""height""=>1440, ""analyzed""=>true}",357166,gMhJEUdDz4owFh3dvmKCUw==
993,images,Modules::Hmsk::CheckList,1357,982,14516beDZ9kX22TvQDcCeFog,image-1663206996145,image/jpeg,"{""identified""=>true, ""width""=>1080, ""height""=>1440, ""analyzed""=>true}",277509,o/eIUag436k8+7UTpf71Xw==
994,images,Modules::Hmsk::CheckList,1357,983,iR17qYkKxQziVA8M2TB2KB1f,image-1663207012559,image/jpeg,"{""identified""=>true, ""width""=>1080, ""height""=>1440, ""analyzed""=>true}",274158,RSbyG8GbIGLDxxYmQAN+Pw==
1115,images,Modules::Hmsk::CheckList,1424,1104,DPfoPmPEN9ZyPmiNcsdj78kb,image-1664271865838,image/jpeg,"{""identified""=>true, ""width""=>1080, ""height""=>1440, ""analyzed""=>true}",311990,fRCwEdGphG0WGmCiXXQiRQ==
1116,images,Modules::Hmsk::CheckList,1424,1105,wY8siGMPpKf68nqV3enjs2Q9,image-1664271991862,image/jpeg,"{""identified""=>true, ""width""=>1080, ""height""=>1440, ""analyzed""=>true}",367600,NFm8tIdJIzTPH6gfLMBydA==
1117,images,Modules::Hmsk::CheckList,1424,1106,4AT7a7TEUaUzmeLqYBS6fxV2,image-1664272197028,image/jpeg,"{""identified""=>true, ""width""=>1080, ""height""=>1440, ""analyzed""=>true}",351635,7r/iOZZrdki6FGyYrdItlg==
1120,images,Modules::Hmsk::CheckList,1430,1109,yAKZNYNywzzSFJ6PEvyXg6yy,image-1664352266767,image/jpeg,"{""identified""=>true, ""width""=>480, ""height""=>640, ""analyzed""=>true}",92483,8s+PhlTx1enrYeOfHWhfaA==
1121,images,Modules::Hmsk::CheckList,1430,1110,f4X5A8aqHcRaybadQXY77fTK,image-1664352278968,image/jpeg,"{""identified""=>true, ""width""=>640, ""height""=>480, ""analyzed""=>true}",83541,njdAglG6H0Wq670LSHHwcg==
1122,images,Modules::Hmsk::CheckList,1430,1111,92yDZxSFVkRFbGtzg6KstsSF,image-1664352292611,image/jpeg,"{""identified""=>true, ""width""=>640, ""height""=>480, ""analyzed""=>true}",78998,mxOtOZqkhqR+M54SX9Y/Kg==
1123,images,Modules::Hmsk::CheckList,1430,1112,oo7B8T9cEn1XrnZjvPeuVXft,image-1664352305884,image/jpeg,"{""identified""=>true, ""width""=>640, ""height""=>480, ""analyzed""=>true}",78306,nL4Sz6vA/aQRcIjwp+YoRg==
1124,images,Modules::Hmsk::CheckList,1430,1113,fVMibhLyc6hwXwTpM92gRWd9,image-1664352319882,image/jpeg,"{""identified""=>true, ""width""=>640, ""height""=>480, ""analyzed""=>true}",79247,nMFeWtc5dbUtMxbwoNFXzw==
1158,images,Modules::Hmsk::CheckList,1471,1147,jACg2g1JMicJgghsoDKV13X2,image-1665453939348,image/jpeg,"{""identified""=>true, ""width""=>960, ""height""=>1280, ""analyzed""=>true}",320026,fyqSOxy7K6jzWNkTVB6gAw==
1159,images,Modules::Hmsk::CheckList,1471,1148,HHCnaFdZNWYChtcDKh5c5Rbu,image-1665454584948,image/jpeg,"{""identified""=>true, ""width""=>960, ""height""=>1280, ""analyzed""=>true}",297702,8Akj3tzplvHxkJK7aYUMcg==
1160,images,Modules::Hmsk::CheckList,1471,1149,qhZnF21vkbQk36oT1bUBvxt3,image-1665454605412,image/jpeg,"{""identified""=>true, ""width""=>960, ""height""=>1280, ""analyzed""=>true}",136784,ipRmendhzUzkW6kS6AKTHg==
1161,images,Modules::Hmsk::CheckList,1471,1150,JG4BcskeknMTKdBy2vnz5qzj,image-1665454620949,image/jpeg,"{""identified""=>true, ""width""=>959, ""height""=>1280, ""analyzed""=>true}",220572,jFunf0c691T6I8G9uZZZdA==
1162,images,Modules::Hmsk::CheckList,1471,1151,NyqgZBeeqAPFNuaUSeW5xCwG,image-1665454884349,image/jpeg,"{""identified""=>true, ""width""=>960, ""height""=>1280, ""analyzed""=>true}",201034,71LiqdKEw0liVqWADih80A==
1163,images,Modules::Hmsk::CheckList,1471,1152,gGmeyFsjr4VukBBJTMkTpndD,image-1665454898596,image/jpeg,"{""identified""=>true, ""width""=>960, ""height""=>1280, ""analyzed""=>true}",219532,7u70q3Pgl0y09uY//0cNdA==
1182,images,Modules::Hmsk::CheckList,1485,1171,XHfgB9PsWt4KRQbJSzGs85Q6,image-1665727780402,image/jpeg,"{""identified""=>true, ""width""=>1080, ""height""=>1440, ""analyzed""=>true}",334873,ABCmvBQ8JO8bXHfsfGI7Mw==
1183,images,Modules::Hmsk::CheckList,1485,1172,Us6mgxbhsSR9Cr1hxL1XFRuU,image-1665727955814,image/jpeg,"{""identified""=>true, ""width""=>1080, ""height""=>1440, ""analyzed""=>true}",274935,xuHwkH3vi1aUo3BRFeBLBw==
1188,images,Modules::Hmsk::CheckList,1487,1177,rqAG9wYnvMinU8ebRbnTYHHL,image-1665733640305,image/jpeg,"{""identified""=>true, ""width""=>1080, ""height""=>590, ""analyzed""=>true}",110372,6aZRY46P9ZbnFHWQdxy7sA==
1289,images,Modules::Hmsk::CheckList,1564,1278,cU1vACMtBEVbedU9FF8D9moe,image-1667371459465,image/jpeg,"{""identified""=>true, ""width""=>1080, ""height""=>1440, ""analyzed""=>true}",322903,tScA8nolBuJlf2kYvKsp4w==
1290,images,Modules::Hmsk::CheckList,1564,1279,mUFpL9DeAp2ad62UdRNcVg7E,image-1667371608115,image/jpeg,"{""identified""=>true, ""width""=>1080, ""height""=>1440, ""analyzed""=>true}",360277,5jFMmYTaQtaXF3+XSNMEEA==
1292,images,Modules::Hmsk::CheckList,1564,1281,swXpKiiDhyCkDm1Efys7SYyL,image-1667371774387,image/jpeg,"{""identified""=>true, ""width""=>1080, ""height""=>1440, ""analyzed""=>true}",142415,uEsSjs0GremLq3Dy73Crlw==
1356,images,Modules::Hmsk::CheckList,1598,1345,ZRHKG5ksMQrNiqYDEkV7DZC6,tmp_avatar_1668161067979.jpg,image/jpeg,"{""identified""=>true, ""width""=>443, ""height""=>591, ""analyzed""=>true}",220989,v6eVkEnywvxmnH2b7FUixA==
1357,images,Modules::Hmsk::CheckList,1598,1346,Wyrg9DDXf2Xvd7bAu7HhoDja,tmp_avatar_1668161075214.jpg,image/jpeg,"{""identified""=>true, ""width""=>443, ""height""=>591, ""analyzed""=>true}",238485,YZh6KGmHACNT3gUxv8hxeg==
1358,images,Modules::Hmsk::CheckList,1598,1347,7xczMtcMNddfy8VoD5mWnGk3,tmp_avatar_1668161106645.jpg,image/jpeg,"{""identified""=>true, ""width""=>443, ""height""=>591, ""analyzed""=>true}",239626,ut8DBIyY0TBHG/XzXaKXeA==
1359,images,Modules::Hmsk::CheckList,1598,1348,MTfGAaqfdXYjGseZf5Eg17cJ,tmp_avatar_1668161114751.jpg,image/jpeg,"{""identified""=>true, ""width""=>443, ""height""=>591, ""analyzed""=>true}",231194,LvGScRhwCcxV1y8ImePHEg==
1360,images,Modules::Hmsk::CheckList,1598,1349,jGTx4gjdvBPrEryyrBeGBbhw,tmp_avatar_1668161547129.jpg,image/jpeg,"{""identified""=>true, ""width""=>443, ""height""=>591, ""analyzed""=>true}",208726,A6cgCvJjCcCdiIMg5R2xlQ==
1401,images,Modules::Hmsk::CheckList,1598,1390,cHLwf32MmtFgbeaGkHLhMikG,image-1669119053422,image/jpeg,"{""identified""=>true, ""width""=>1080, ""height""=>1440, ""analyzed""=>true}",228415,Hm1FhS+tJLFSmeFOT8dXjw==
1402,images,Modules::Hmsk::CheckList,1598,1391,sBnD9PUUfypcECnkjdQ6j7CJ,image-1669119156570,image/jpeg,"{""identified""=>true, ""width""=>1080, ""height""=>1440, ""analyzed""=>true}",499134,4TQsTeogmB8mnpVwLIfjTA==
1403,images,Modules::Hmsk::CheckList,1598,1392,cAAu978PQZiYLugJW2VQMJHh,image-1669119162421,image/jpeg,"{""identified""=>true, ""width""=>1080, ""height""=>1440, ""analyzed""=>true}",338713,vJoIO6sSYirh8kCfVsmPfw==
1398,images,Modules::Hmsk::CheckList,1630,1387,j6aGhn8F4R12WLgwjLWmmraw,image-1669096841687,image/jpeg,"{""identified""=>true, ""width""=>1080, ""height""=>1440, ""analyzed""=>true}",309204,sNHZ3qXG5SE/j8+zsJjQTA==
1399,images,Modules::Hmsk::CheckList,1630,1388,UQR3U4C3TZ7vGoqiuWzxcfTQ,image-1669097248482,image/jpeg,"{""identified""=>true, ""width""=>1080, ""height""=>1440, ""analyzed""=>true}",395164,xokR95CtSQig+Pu5c9Baag==
1400,images,Modules::Hmsk::CheckList,1630,1389,EQivfqqvVSWoUF1B2RyyiisM,image-1669097446142,image/jpeg,"{""identified""=>true, ""width""=>1080, ""height""=>1440, ""analyzed""=>true}",195843,fd/80LecYjTCpt7TfTEmlg==
1406,images,Modules::Hmsk::CheckList,1634,1395,fgo3DSb8UZVzSdpgPPpuCQ76,image-1669219734448,image/jpeg,"{""identified""=>true, ""width""=>1080, ""height""=>1440, ""analyzed""=>true}",389683,yRXwIdRs2MUJXdwdTjqHBg==
1407,images,Modules::Hmsk::CheckList,1634,1396,ytgLCdAp8rhu6Hzke2sThjLy,image-1669219833026,image/jpeg,"{""identified""=>true, ""width""=>1080, ""height""=>1440, ""analyzed""=>true}",392143,W5/isE1hWjXUEvMKU/eLWw==
1447,images,Modules::Hmsk::CheckList,1652,1436,T2zTMPUnNmzHU5sCkBeNDYPg,image-1669715829247,image/jpeg,"{""identified""=>true, ""width""=>1080, ""height""=>1440, ""analyzed""=>true}",387331,3pu+DtpQadWXUfxDd/zA4Q==
1473,images,Modules::Hmsk::CheckList,1669,1462,MKLGVAMy33xF5JR9JRG8eDz2,image-1670112413672,image/jpeg,"{""identified""=>true, ""width""=>1080, ""height""=>1440, ""analyzed""=>true}",247229,SWZP+BGWMgbe26uGqsErxQ==
1474,images,Modules::Hmsk::CheckList,1669,1463,6VpfNXhX8wJ7aHrzAsrGnwEW,image-1670112630066,image/jpeg,"{""identified""=>true, ""width""=>1080, ""height""=>1440, ""analyzed""=>true}",247590,S9tfYLb7iGXZbvMZ6QUzCQ==
1475,images,Modules::Hmsk::CheckList,1669,1464,se8Era7unagBKFu5RjWQpLoZ,image-1670112638811,image/jpeg,"{""identified""=>true, ""width""=>1080, ""height""=>1440, ""analyzed""=>true}",343288,SAeNV8utI2E+rPQbdvoR3g==
1476,images,Modules::Hmsk::CheckList,1669,1465,4HStbZPD4uq9F24GwHAdCTP1,image-1670113031314,image/jpeg,"{""identified""=>true, ""width""=>1080, ""height""=>1440, ""analyzed""=>true}",294871,DutiDHPphx3jRn3UZK71ag==
1477,images,Modules::Hmsk::CheckList,1669,1466,9hE5sJfAkDdvQaiK9LaLXn3G,image-1670113634000,image/jpeg,"{""identified""=>true, ""width""=>1080, ""height""=>1440, ""analyzed""=>true}",335498,YteKk5u/rL0m9oL0TBn7tQ==
1478,images,Modules::Hmsk::CheckList,1669,1467,YUiio3GahPN4bKKjLK5dnzW8,image-1670113647236,image/jpeg,"{""identified""=>true, ""width""=>1080, ""height""=>1440, ""analyzed""=>true}",385433,B45C5De6SzVcW6Q9Yfi5UA==
1479,images,Modules::Hmsk::CheckList,1669,1468,DajX8AVT3j81gSdX9wfvtq5J,image-1670113663089,image/jpeg,"{""identified""=>true, ""width""=>1080, ""height""=>1440, ""analyzed""=>true}",316585,J/qWanIkDAzu0J28q3uteA==
1480,images,Modules::Hmsk::CheckList,1669,1469,kWDT14xvjbYFZwCZWzYDFHnA,image-1670113711389,image/jpeg,"{""identified""=>true, ""width""=>1080, ""height""=>1440, ""analyzed""=>true}",266270,qBVL5ML7yVvqDMa6OMFihw==
1509,images,Modules::Hmsk::CheckList,1684,1498,RcmufVtkro2TNsPhUqTV1Rqf,image-1670514753382,image/jpeg,"{""identified""=>true, ""width""=>1080, ""height""=>1440, ""analyzed""=>true}",290937,Jf6VjjO4VGDhyxQbckT0Ww==
1510,images,Modules::Hmsk::CheckList,1684,1499,2EU2cpY2onZabGNN5ghceqCL,image-1670514767952,image/jpeg,"{""identified""=>true, ""width""=>1080, ""height""=>1440, ""analyzed""=>true}",296668,ZZJ1wiT0jRhEefiLEbUUFA==
1514,images,Modules::Hmsk::CheckList,1686,1503,7KAi6z6b4bP61YK42yEbNbHD,image-1670556684696,image/jpeg,"{""identified""=>true, ""width""=>1080, ""height""=>1441, ""analyzed""=>true}",246959,DhOHQGvFZ9KDuxEKbCh8hw==
1515,images,Modules::Hmsk::CheckList,1686,1504,XLYgwKc1rbJmu1B5TBVnrW9u,image-1670556689715,image/jpeg,"{""identified""=>true, ""width""=>1080, ""height""=>1441, ""analyzed""=>true}",254047,H4Z3K/W9ghnfEUBcrWjJ1Q==
1516,images,Modules::Hmsk::CheckList,1686,1505,gwSKHmBRyaMtNdU1GuQwEeRQ,image-1670556783201,image/jpeg,"{""identified""=>true, ""width""=>1080, ""height""=>1441, ""analyzed""=>true}",460890,6tYCoiuaMWaM4y4o+upFPQ==
1517,images,Modules::Hmsk::CheckList,1686,1506,UajPfCQjnm8bfjhpkAGLPMNH,image-1670556787703,image/jpeg,"{""identified""=>true, ""width""=>1080, ""height""=>1441, ""analyzed""=>true}",310095,2pziSyxXpyoVCuA+Knhbpw==
1518,images,Modules::Hmsk::CheckList,1686,1507,FrzinKUB22rE3FqTdPRVLaEe,image-1670556812579,image/jpeg,"{""identified""=>true, ""width""=>1080, ""height""=>1441, ""analyzed""=>true}",299955,apW5m6ebZxMqFrM8r9Lexw==
1519,images,Modules::Hmsk::CheckList,1686,1508,DZZTgA72MqPx85MWAiotq6i2,image-1670556819283,image/jpeg,"{""identified""=>true, ""width""=>1080, ""height""=>1441, ""analyzed""=>true}",229770,btaailO8JDFnOfOzpRm39g==
1538,images,Modules::Hmsk::CheckList,1705,1527,NnV82xFt2rsgtHXYjyfCkNxj,image-1671002201943,image/jpeg,"{""identified""=>true, ""width""=>1080, ""height""=>1440, ""analyzed""=>true}",391040,OoQGsaqCbxrGMEfoWhWXtw==
1553,images,Modules::Hmsk::CheckList,1712,1542,qDKAnXWZ7JSDfGRSRUDorQKk,image-1671061027739,image/jpeg,"{""identified""=>true, ""width""=>1080, ""height""=>1440, ""analyzed""=>true}",157820,1osNfRo/VPg67BkPzmDAkw==
1554,images,Modules::Hmsk::CheckList,1712,1543,NGovnpRspn9aGekQMnehaLAD,image-1671061048177,image/jpeg,"{""identified""=>true, ""width""=>1080, ""height""=>1440, ""analyzed""=>true}",229120,6K9w90Pld3xIzHiCieSwfQ==
1595,images,Modules::Hmsk::CheckList,1746,1575,cqs1sDVJGS32sYdquBedJXP1,image-1671606749127,image/jpeg,"{""identified""=>true, ""width""=>1080, ""height""=>1440, ""analyzed""=>true}",365087,nKyPfzYqkOTR9Bdet6s1VQ==
1596,images,Modules::Hmsk::CheckList,1746,1576,cC62nYKXAMP4yMudRpo9TZn4,image-1671606985892,image/jpeg,"{""identified""=>true, ""width""=>1080, ""height""=>1440, ""analyzed""=>true}",415729,J6kGTevRuTIDptdklmz8cA==
1597,images,Modules::Hmsk::CheckList,1746,1577,YhE5y9Sj4h8yW4y9WrH7peBn,image-1671607053774,image/jpeg,"{""identified""=>true, ""width""=>1080, ""height""=>1440, ""analyzed""=>true}",412035,DLCQU/DxYHP5qqDsCkOquw==
1646,images,Modules::Hmsk::CheckList,1750,1626,emoMZwP77Xs7ZVuCARuzeJXQ,image-1671677359970,image/jpeg,"{""identified""=>true, ""width""=>1080, ""height""=>1440, ""analyzed""=>true}",279947,Oh2cOLB4Skfr/SLRlrNwwg==
1647,images,Modules::Hmsk::CheckList,1750,1627,TjzwaxLRkLm2nQcSjStLk3DZ,image-1671677371308,image/jpeg,"{""identified""=>true, ""width""=>1080, ""height""=>1440, ""analyzed""=>true}",299252,yCD+PUNZ+N9qU2+FHFop7Q==
1648,images,Modules::Hmsk::CheckList,1750,1628,uztoBYnThn13yKo5NB92u2Gn,image-1671677385349,image/jpeg,"{""identified""=>true, ""width""=>1080, ""height""=>1440, ""analyzed""=>true}",336240,wEwZbMJkDySNhAtbNDqh7Q==
1649,images,Modules::Hmsk::CheckList,1750,1629,Qm8H55p8MWuRk6gWffJaJ9Nb,image-1671677394895,image/jpeg,"{""identified""=>true, ""width""=>1080, ""height""=>1440, ""analyzed""=>true}",318505,PDRed0asxZoDodXB1ylWSg==
1650,images,Modules::Hmsk::CheckList,1750,1630,uhZPQhUR5RpbPeDf8BytZPyq,image-1671677412856,image/jpeg,"{""identified""=>true, ""width""=>1080, ""height""=>1440, ""analyzed""=>true}",267805,VepEo1HdkvVpWyBIw6i1Tg==
1651,images,Modules::Hmsk::CheckList,1750,1631,Gc2E31CUwzwz28wLx2nSFW3b,image-1671677422063,image/jpeg,"{""identified""=>true, ""width""=>1080, ""height""=>1440, ""analyzed""=>true}",287114,6/iHA+T8DDHR89w+5mz8pQ==
1652,images,Modules::Hmsk::CheckList,1750,1632,wnPKoUbzfBMU23yYu3T7qR2Y,image-1671677429886,image/jpeg,"{""identified""=>true, ""width""=>1080, ""height""=>1440, ""analyzed""=>true}",354597,PCDv2d8jK+pSnstnOJSglw==
1653,images,Modules::Hmsk::CheckList,1750,1633,tbCbFQgWRTMAFN6V4br63Nfa,image-1671677440150,image/jpeg,"{""identified""=>true, ""width""=>1080, ""height""=>1440, ""analyzed""=>true}",270700,8k48rPpREioKRG8A5vr0zQ==
1654,images,Modules::Hmsk::CheckList,1750,1634,EW62fh5bqA7GZV3F17zNBPSe,image-1671677446413,image/jpeg,"{""identified""=>true, ""width""=>1080, ""height""=>1440, ""analyzed""=>true}",290426,mgXwwf6dXLHOSyn0+n3BvQ==
1655,images,Modules::Hmsk::CheckList,1750,1635,uuDcH5HoXxvv63m2N6zMV3mX,image-1671677549472,image/jpeg,"{""identified""=>true, ""width""=>1080, ""height""=>1440, ""analyzed""=>true}",227563,xegF/tSXjPI+O5aQ3AxeJw==
1656,images,Modules::Hmsk::CheckList,1750,1636,d63URrk2rA8TAoktQGG4JiRo,image-1671677555619,image/jpeg,"{""identified""=>true, ""width""=>1080, ""height""=>1440, ""analyzed""=>true}",234234,g+gT6TzVbyiunMoyLAZI2g==
1657,images,Modules::Hmsk::CheckList,1750,1637,84AJR2PXVk3NhR3Lmn36hVo3,image-1671677564321,image/jpeg,"{""identified""=>true, ""width""=>1080, ""height""=>1440, ""analyzed""=>true}",246311,S3whYjiMa5eWkMkvQ8GR4A==
1658,images,Modules::Hmsk::CheckList,1750,1638,U8Q9waUEFyoJmCAkg4XP3hVU,image-1671677569754,image/jpeg,"{""identified""=>true, ""width""=>1080, ""height""=>1440, ""analyzed""=>true}",283519,6ixVtZ5NpWiKmodKw9UwQg==
1703,images,Modules::Hmsk::CheckList,1787,1683,fCbddt6ierkq1jvvDCjB1Adw,image-1672814884941,image/jpeg,"{""identified""=>true, ""width""=>1080, ""height""=>1440, ""analyzed""=>true}",464008,IWuhbaHHSq1vxgkOwNOqig==
1704,images,Modules::Hmsk::CheckList,1787,1684,a2dnuENWbnnQPkoSphbxNZkS,image-1672814932460,image/jpeg,"{""identified""=>true, ""width""=>1080, ""height""=>1440, ""analyzed""=>true}",500481,5e5xKofwxq03J24c/CqJhA==
1705,images,Modules::Hmsk::CheckList,1787,1685,H4kKhrRUhvdnH7D6KEiUBGJ6,image-1672814946389,image/jpeg,"{""identified""=>true, ""width""=>1080, ""height""=>1440, ""analyzed""=>true}",533177,rgFVOxnEkSsd7ajPXp5gJg==
1706,images,Modules::Hmsk::CheckList,1787,1686,GhuMn3vvshkxQXoSt3YwXj6t,image-1672814956117,image/jpeg,"{""identified""=>true, ""width""=>1080, ""height""=>1440, ""analyzed""=>true}",422151,8VJScF1fLaNBJxJoysSxeg==
1763,images,Modules::Hmsk::CheckList,1822,1743,nwL8X1bzUSfAxNy8dtaB59jX,image-1673422395890,image/jpeg,"{""identified""=>true, ""width""=>1080, ""height""=>1440, ""analyzed""=>true}",248137,ase9OjOC+++0o9k5N1K4+g==
1764,images,Modules::Hmsk::CheckList,1822,1744,srRfQWKCcY5qoG5XBW8hk8vB,image-1673422708500,image/jpeg,"{""identified""=>true, ""width""=>1080, ""height""=>1440, ""analyzed""=>true}",171682,HZ874Ysqg5Qmmo5ospCe3Q==
1766,images,Modules::Hmsk::CheckList,1822,1746,L5E2y2X3am88QpoQsyN69s8D,image-1673422967653,image/jpeg,"{""identified""=>true, ""width""=>1080, ""height""=>1440, ""analyzed""=>true}",476175,Z6wufW/oY4xveV3qP0JTHQ==
1767,images,Modules::Hmsk::CheckList,1822,1747,yixiKYzcEEDeQrFh1wNs5bi9,image-1673423055919,image/jpeg,"{""identified""=>true, ""width""=>1080, ""height""=>1440, ""analyzed""=>true}",385422,62YG5nhFOBv0F1h+gM4Zog==
1814,images,Modules::Hmsk::CheckList,1862,1794,jVLYq8Kxx129aznkbaHZ1S9U,image-1674026894620,image/jpeg,"{""identified""=>true, ""width""=>1080, ""height""=>1440, ""analyzed""=>true}",274326,a6eS5dcY7hjGwxs2RdwgFQ==
1815,images,Modules::Hmsk::CheckList,1862,1795,H5ixYn2cMmV37aaQjq7nUgV8,image-1674027183648,image/jpeg,"{""identified""=>true, ""width""=>1080, ""height""=>1440, ""analyzed""=>true}",121058,e6rLDtqJL6pUzBjUYSYjKg==
1816,images,Modules::Hmsk::CheckList,1862,1796,iiqgJCV74NkDRg5UoBYif2VV,image-1674027220234,image/jpeg,"{""identified""=>true, ""width""=>1080, ""height""=>1440, ""analyzed""=>true}",461975,4O4gQS7OxYtijYUtkB890Q==
1817,images,Modules::Hmsk::CheckList,1862,1797,3xNxQRToJ7HKDnBRrQnfGRiV,image-1674027242798,image/jpeg,"{""identified""=>true, ""width""=>1080, ""height""=>1440, ""analyzed""=>true}",289055,fX9jTtQhj1Hdy/pSvbLGbA==
1872,images,Modules::Hmsk::CheckList,1894,1852,P1hzUtaAqRgzdouZTWtgTFbh,image-1674634900041,image/jpeg,"{""identified""=>true, ""width""=>1080, ""height""=>1440, ""analyzed""=>true}",367977,SMHJJvh02Ba5+ViP2nfpvQ==
2093,images,Modules::Hmsk::CheckList,2026,2073,4AVhehp8HacuVs6t9SPmJb6j,image-1676448576980,image/jpeg,"{""identified""=>true, ""width""=>1080, ""height""=>1440, ""analyzed""=>true}",241160,GnO3abUbByo0jeC3zNBDag==
2094,images,Modules::Hmsk::CheckList,2026,2074,AEFwZGukaBdkhod2uGZJ7M7L,image-1676448587477,image/jpeg,"{""identified""=>true, ""width""=>1080, ""height""=>1440, ""analyzed""=>true}",184902,1LkPEFn2vs7VQpf43+Bqgg==
2095,images,Modules::Hmsk::CheckList,2026,2075,v5UxnX5x8FVwNY5i4WSyXd7o,image-1676448841731,image/jpeg,"{""identified""=>true, ""width""=>1080, ""height""=>1440, ""analyzed""=>true}",264250,VGpxkGB8/iK4UwnQDGO0AQ==
2125,images,Modules::Hmsk::CheckList,2080,2105,PXdHfsBXg4JReyEdsPx4oS13,image-1677050763821,image/jpeg,"{""identified""=>true, ""width""=>1080, ""height""=>1440, ""analyzed""=>true}",250927,v5+8dBLyDkvMvRVVzZgJCg==
2126,images,Modules::Hmsk::CheckList,2080,2106,xYn8r7NSYkGmPCNYo2HhF3kr,image-1677051037356,image/jpeg,"{""identified""=>true, ""width""=>1080, ""height""=>1440, ""analyzed""=>true}",150959,0ka1kPBt4O3nvUQ/zXL1Yw==
2169,images,Modules::Hmsk::CheckList,2119,2149,7hDax1D3zAYbMqkzbdawcBhi,image-1677652038322,image/jpeg,"{""identified""=>true, ""width""=>1080, ""height""=>1440, ""analyzed""=>true}",275811,Q/Zw1PfXp1+uejrl/sVLVA==
2170,images,Modules::Hmsk::CheckList,2119,2150,XbEhQd8bPwSJqRULZW6XU1s2,image-1677652220900,image/jpeg,"{""identified""=>true, ""width""=>1080, ""height""=>1440, ""analyzed""=>true}",229998,RHDyedFJlL4qvrlvK6QFyQ==
2171,images,Modules::Hmsk::CheckList,2119,2151,XnM23Byi8ixL6r6nAkmT4gWd,image-1677652278518,image/jpeg,"{""identified""=>true, ""width""=>1080, ""height""=>1440, ""analyzed""=>true}",231237,3dcJyP9VQ+cYJIeg9JFmDQ==
2172,images,Modules::Hmsk::CheckList,2119,2152,4WkGNyrmBMHkSkzwJbibBGsr,image-1677652346508,image/jpeg,"{""identified""=>true, ""width""=>1080, ""height""=>1440, ""analyzed""=>true}",465347,fnL6l2vv5aruP14f9iOHXw==
2220,images,Modules::Hmsk::CheckList,2152,2200,afBDAeMHoA7o9np3pAqfzMxx,image-1678257532391,image/jpeg,"{""identified""=>true, ""width""=>1080, ""height""=>1440, ""analyzed""=>true}",383286,7gP48BOGvcgjM37sD3yVjw==
2221,images,Modules::Hmsk::CheckList,2152,2201,4zJLqH5ryBgVFXskRdrGiCcJ,image-1678257537316,image/jpeg,"{""identified""=>true, ""width""=>1080, ""height""=>1440, ""analyzed""=>true}",382308,0n9+/yG53eFgoLXjgciKiw==
2222,images,Modules::Hmsk::CheckList,2152,2202,SeQvndLYHU683Snq5NeDQYzb,image-1678257542108,image/jpeg,"{""identified""=>true, ""width""=>1080, ""height""=>1440, ""analyzed""=>true}",315545,0CPJSNEg0pTRG+n9JRg+6A==
2223,images,Modules::Hmsk::CheckList,2152,2203,tKVSPKDckJZoL26ZgxdCqmjj,image-1678257557163,image/jpeg,"{""identified""=>true, ""width""=>1080, ""height""=>1440, ""analyzed""=>true}",304130,hIp3G8fhrlf18PC3QpJGQA==
2281,images,Modules::Hmsk::CheckList,2195,2261,UNyxRNd8U3zAj7vNf7uyThV2,image-1678867165301,image/jpeg,"{""identified""=>true, ""width""=>1080, ""height""=>1440, ""analyzed""=>true}",496150,JfdOGbu+/ejdds4nxEPaLw==
2282,images,Modules::Hmsk::CheckList,2195,2262,hN7fry8ndsHky9WVPEJrMaeP,image-1678867218017,image/jpeg,"{""identified""=>true, ""width""=>1080, ""height""=>1440, ""analyzed""=>true}",249109,cr8ybfDF1WQ8PHdus+c6mA==
2283,images,Modules::Hmsk::CheckList,2195,2263,2gBQWcVwrmKpRgqSYKpsg4nQ,image-1678867232870,image/jpeg,"{""identified""=>true, ""width""=>1080, ""height""=>1440, ""analyzed""=>true}",253284,bZpopWS/mBpgtilBx6C0jA==
2345,images,Modules::Hmsk::CheckList,2250,2325,xYhykjCKx864cNrKXraN1V9k,image-1679467405444,image/jpeg,"{""identified""=>true, ""width""=>1080, ""height""=>1440, ""analyzed""=>true}",302476,B1pM6v+6aXFG9cBs2PwP4A==
2346,images,Modules::Hmsk::CheckList,2250,2326,oqSYvCmzj3ZRLLHuoTp8irPa,image-1679467416631,image/jpeg,"{""identified""=>true, ""width""=>1080, ""height""=>1440, ""analyzed""=>true}",385394,6/JVazxZUzVxGwgojGhAGA==
2347,images,Modules::Hmsk::CheckList,2250,2327,Gg78gSuDmuUjAnAAbZfoidYh,image-1679467487199,image/jpeg,"{""identified""=>true, ""width""=>1080, ""height""=>1440, ""analyzed""=>true}",435706,ZXA2iybhk3fqJu0ACXKzng==
2348,images,Modules::Hmsk::CheckList,2250,2328,rtdMAhjWfCh51MPFRx5XkLGn,image-1679467610581,image/jpeg,"{""identified""=>true, ""width""=>1080, ""height""=>1440, ""analyzed""=>true}",390382,greMsso1Wci7Wg0QHipD1w==
2349,images,Modules::Hmsk::CheckList,2250,2329,nyiSZZuquP9cS5udZ8VeTYmC,image-1679467802561,image/jpeg,"{""identified""=>true, ""width""=>1080, ""height""=>1440, ""analyzed""=>true}",476251,btORN4OvUXoL5ff+N4ucAQ==
2518,images,Modules::Hmsk::CheckList,2331,2498,YVDHYj9qfw67GnKBDfU7jqbq,image-1680673267257,image/jpeg,"{""identified""=>true, ""width""=>1080, ""height""=>1440, ""analyzed""=>true}",487936,u44uGyzFJnr9f59+S+SKwA==
2519,images,Modules::Hmsk::CheckList,2331,2499,xYJYECSd3wJrjwyUV6hrC42F,image-1680673272565,image/jpeg,"{""identified""=>true, ""width""=>1080, ""height""=>1440, ""analyzed""=>true}",463363,D+oqCObsJJeZYX36p5Jv3Q==
2520,images,Modules::Hmsk::CheckList,2331,2500,UrPRZmPD7kMQvcci7Rx5gb3C,image-1680673291497,image/jpeg,"{""identified""=>true, ""width""=>1080, ""height""=>1440, ""analyzed""=>true}",521186,h7m3t7X7f7IsZpntu0xytw==
2521,images,Modules::Hmsk::CheckList,2331,2501,EU1Xp2z6NfvwyBJS3zc3VWaW,image-1680673500573,image/jpeg,"{""identified""=>true, ""width""=>1080, ""height""=>1440, ""analyzed""=>true}",301894,BkXClQ8fvPEfN0DAl7eGSw==
2550,images,Modules::Hmsk::CheckList,2367,2530,7dvMqanfkFVpMKHnzrwnqnSN,image-1681279026313,image/jpeg,"{""identified""=>true, ""width""=>1080, ""height""=>1440, ""analyzed""=>true}",439597,VZs1IbhQtKFhS23oCO/S1A==
2551,images,Modules::Hmsk::CheckList,2367,2531,33EJUU9WET2ZgyMaVvcXAPME,image-1681279328834,image/jpeg,"{""identified""=>true, ""width""=>1080, ""height""=>1440, ""analyzed""=>true}",405300,jjMErOLyjpZaW5P9gdwhEQ==
2552,images,Modules::Hmsk::CheckList,2367,2532,HTkKHfEj97VJGBTds553AViR,image-1681279593909,image/jpeg,"{""identified""=>true, ""width""=>1080, ""height""=>1440, ""analyzed""=>true}",542313,CgM4wX2PYsRc9IL0AmtFMw==
2578,images,Modules::Hmsk::CheckList,2387,2558,b5dYx8qXBXDtzk4vnVMBHi3f,image-1681887512816,image/jpeg,"{""identified""=>true, ""width""=>1080, ""height""=>1440, ""analyzed""=>true}",346748,wvFYwoQxWceUOtzwTV4HGw==
2579,images,Modules::Hmsk::CheckList,2387,2559,1vgokYjcL1EPiExDV8aR4XMK,image-1681887727301,image/jpeg,"{""identified""=>true, ""width""=>1080, ""height""=>1440, ""analyzed""=>true}",520790,AhBr1cP8bKtxAF1/IgBGFw==
2580,images,Modules::Hmsk::CheckList,2387,2560,Rxg8hE4sDcVNBVmheYExKPLW,image-1681888488739,image/jpeg,"{""identified""=>true, ""width""=>1080, ""height""=>1440, ""analyzed""=>true}",442136,DPNypa0ZYiu6a0jVFD2oaw==
2644,images,Modules::Hmsk::CheckList,2423,2624,hYpavzZhSym3nMr4LToeUkhn,image-1682576720335,image/jpeg,"{""identified""=>true, ""width""=>1080, ""height""=>1440, ""analyzed""=>true}",413292,Ro60uiCqt4cjtrrSglHj2w==
2645,images,Modules::Hmsk::CheckList,2423,2625,iMQAYw2SZCGqxcEt8T3EqTtq,image-1682576755678,image/jpeg,"{""identified""=>true, ""width""=>1080, ""height""=>1440, ""analyzed""=>true}",319559,+fDghvZZ8xESAMgE/DPfjw==
2646,images,Modules::Hmsk::CheckList,2423,2626,kwv2aUhLh87swL89CiiRT91w,image-1682576799922,image/jpeg,"{""identified""=>true, ""width""=>1080, ""height""=>1440, ""analyzed""=>true}",531922,ZHRnX62WyqoyXvOuF9QwyQ==
2647,images,Modules::Hmsk::CheckList,2423,2627,PqcyRhpjgg9kWN2rr3hYVsmd,image-1682576837754,image/jpeg,"{""identified""=>true, ""width""=>1080, ""height""=>1440, ""analyzed""=>true}",461613,1xmmkGFqW0UXAgLYAozAqA==
2648,images,Modules::Hmsk::CheckList,2423,2628,AQKayL6ZKyMzTsbnaCfXF5vj,image-1682576917303,image/jpeg,"{""identified""=>true, ""width""=>1080, ""height""=>1440, ""analyzed""=>true}",295081,MerO7jQfr++Os+N6vdT56w==
2649,images,Modules::Hmsk::CheckList,2423,2629,Y4GbvvSpeSSAkuMQDFRYsoqf,image-1682576957697,image/jpeg,"{""identified""=>true, ""width""=>1080, ""height""=>1440, ""analyzed""=>true}",351973,2h/707Yt13antqrZAk8X6g==
2697,images,Modules::Hmsk::CheckList,2454,2677,Vp1s4SHHmYHcd9bktvCHLDPA,image-1683107210428,image/jpeg,"{""identified""=>true, ""width""=>1080, ""height""=>1440, ""analyzed""=>true}",409372,kJ6HhIBIwf0c0c4sJzjt8A==
2699,images,Modules::Hmsk::CheckList,2454,2679,9rezpH73csmfnXrkyLMsSRwQ,image-1683107262895,image/jpeg,"{""identified""=>true, ""width""=>1080, ""height""=>1440, ""analyzed""=>true}",363612,BqeM8P7nIXJi7MtqgCxaJA==
2700,images,Modules::Hmsk::CheckList,2454,2680,ouvnMae5PSrDBrbGCMZGHUov,image-1683107318409,image/jpeg,"{""identified""=>true, ""width""=>1080, ""height""=>1440, ""analyzed""=>true}",445014,Sevl48ZyaND4yirnmHRcgg==
2701,images,Modules::Hmsk::CheckList,2454,2681,69GCmxdcpq7NTfm6RPPsXwuD,image-1683107380684,image/jpeg,"{""identified""=>true, ""width""=>1080, ""height""=>1440, ""analyzed""=>true}",420530,cvS1XuBvLGLKCSbCqJv/eA==
2702,images,Modules::Hmsk::CheckList,2454,2682,72zLhMCtmZbxLjKYc1zbDRiP,image-1683107386290,image/jpeg,"{""identified""=>true, ""width""=>1080, ""height""=>1440, ""analyzed""=>true}",465474,YRZ1aF9OoVCpkrhwIFg4Vg==
2703,images,Modules::Hmsk::CheckList,2454,2683,SjTbSuSrecd6ebFP85HMwwJA,image-1683107392424,image/jpeg,"{""identified""=>true, ""width""=>1080, ""height""=>1440, ""analyzed""=>true}",619616,GCsNcpMHIP4sekjgQb1RAQ==
2831,images,Modules::Hmsk::CheckList,2490,2805,6RPTU99jgzNDZwH3fEM24UpQ,image-1683695727503,image/jpeg,"{""identified""=>true, ""width""=>1080, ""height""=>1440, ""analyzed""=>true}",300627,EQ9ShobEjRw8fv90AyNLXQ==
2832,images,Modules::Hmsk::CheckList,2490,2806,N8EZshTMtwkNebQu119L6it4,image-1683695738050,image/jpeg,"{""identified""=>true, ""width""=>1080, ""height""=>1440, ""analyzed""=>true}",353589,eAFMVIruAPrd/1oAV95MsQ==
2833,images,Modules::Hmsk::CheckList,2490,2807,zbfuop1t4yLwFuZhcy28MJDN,image-1683695743141,image/jpeg,"{""identified""=>true, ""width""=>1080, ""height""=>1440, ""analyzed""=>true}",393847,czATYoNBdlMrEsi7GhDO7A==
2834,images,Modules::Hmsk::CheckList,2490,2808,D3TGkpFnwyo2VfHAqzPm4Che,image-1683695751199,image/jpeg,"{""identified""=>true, ""width""=>1080, ""height""=>1440, ""analyzed""=>true}",400465,Co2qwxX3uXlbALxKzcji4Q==
2835,images,Modules::Hmsk::CheckList,2490,2809,Vr4AXMg4WbTaYLSu68kWj31P,image-1683695793708,image/jpeg,"{""identified""=>true, ""width""=>1080, ""height""=>1440, ""analyzed""=>true}",350691,780+GFg1SNU3xQQWNX7S0Q==
2908,images,Modules::Hmsk::CheckList,2524,2882,CKTyFAoqfvpXNAJzAh2skmFw,image-1684304567293,image/jpeg,"{""identified""=>true, ""width""=>1080, ""height""=>1440, ""analyzed""=>true}",197702,BH7LBCRrEk7tz5ElPFsrsw==
2909,images,Modules::Hmsk::CheckList,2524,2883,YyferuJkSMC259k8ZFyPzNcB,image-1684304589798,image/jpeg,"{""identified""=>true, ""width""=>1080, ""height""=>1440, ""analyzed""=>true}",216807,/jfKvfLKcKPq32+i64xHKQ==
2910,images,Modules::Hmsk::CheckList,2524,2884,vzzawmQZyBuRSDFYa1pTSVM8,image-1684304632684,image/jpeg,"{""identified""=>true, ""width""=>1080, ""height""=>1440, ""analyzed""=>true}",499255,zkaEillZVbu5sJ1hnCVo4A==
2979,images,Modules::Hmsk::CheckList,2546,2951,Zx6pWmTMzsgHE4ZeoAFzuXcP,image-1684907079106,image/jpeg,"{""identified""=>true, ""width""=>1080, ""height""=>1440, ""analyzed""=>true}",325445,s0nsdxoiCWlQwKuvBafVDg==
2980,images,Modules::Hmsk::CheckList,2546,2952,RaZYnnmAsDjP5rbcR2J4gJUR,image-1684907085804,image/jpeg,"{""identified""=>true, ""width""=>1080, ""height""=>1440, ""analyzed""=>true}",337862,dNjQ3kOPvhTaUkQ7eV37HA==
2981,images,Modules::Hmsk::CheckList,2546,2953,ysHvs3RBRfu77q7PVcXv2Fu3,image-1684907092658,image/jpeg,"{""identified""=>true, ""width""=>1080, ""height""=>1440, ""analyzed""=>true}",271159,fKcYO1hVCT6UMsd8g0qQMw==
2982,images,Modules::Hmsk::CheckList,2546,2954,aBWcSh1mwV6geiSK3fDCKL7t,image-1684907149745,image/jpeg,"{""identified""=>true, ""width""=>1080, ""height""=>1440, ""analyzed""=>true}",638808,I5/74FFGRrWDh4bEZ5qwAw==
2983,images,Modules::Hmsk::CheckList,2546,2955,xjDZ6LXVi7YBZXt9WFVtLcfv,image-1684907206696,image/jpeg,"{""identified""=>true, ""width""=>1080, ""height""=>1440, ""analyzed""=>true}",223894,tKevUZ/ER2u7NSaSUD3drg==
3043,images,Modules::Hmsk::CheckList,2577,3015,55WJxsBdmfcVM6eeKzycGora,image-1685513621628,image/jpeg,"{""identified""=>true, ""width""=>1080, ""height""=>1440, ""analyzed""=>true}",431468,8GgefpU8eJzW2T7cnNTNkg==
3093,images,Modules::Hmsk::CheckList,2608,3065,CXX751jgaCXYLF5XABuHpvaL,image-1686201199041,image/jpeg,"{""identified""=>true, ""width""=>1080, ""height""=>1440, ""analyzed""=>true}",472018,62i9pw27l40pVxGb4yyKDQ==
3094,images,Modules::Hmsk::CheckList,2608,3066,HUhCJo6ZZMhTi8F8Fot7WrtN,image-1686201203488,image/jpeg,"{""identified""=>true, ""width""=>1080, ""height""=>1440, ""analyzed""=>true}",442374,oLgNap6LoimcZDtLLfbq3Q==
3095,images,Modules::Hmsk::CheckList,2608,3067,YGi1ogXiiibhDgaaJpzm9dnB,image-1686201233030,image/jpeg,"{""identified""=>true, ""width""=>1080, ""height""=>1440, ""analyzed""=>true}",486606,9P83gYlpOzxifDDnhxg39w==
3096,images,Modules::Hmsk::CheckList,2608,3068,iEjyJpmpDsLWnQaFSXCjvZKp,image-1686201297139,image/jpeg,"{""identified""=>true, ""width""=>1080, ""height""=>1440, ""analyzed""=>true}",393779,uTJwAnAsLHjw9Q6IY+cnGw==
3097,images,Modules::Hmsk::CheckList,2608,3069,1ux5oBz3GzCv733TrFo1hLZe,image-1686201304135,image/jpeg,"{""identified""=>true, ""width""=>1080, ""height""=>1440, ""analyzed""=>true}",384947,RJYCnbEBGlexlaZOHsy7/g==
3098,images,Modules::Hmsk::CheckList,2608,3070,Sck9Z84fFnXriwsPMi2yRcdm,image-1686201309993,image/jpeg,"{""identified""=>true, ""width""=>1080, ""height""=>1440, ""analyzed""=>true}",318568,3bAMTj/9xJT6tuexkqtdwA==
3099,images,Modules::Hmsk::CheckList,2608,3071,gspGuk1Xxzh7YT9SyYDJ5C4d,image-1686201417187,image/jpeg,"{""identified""=>true, ""width""=>1080, ""height""=>1440, ""analyzed""=>true}",344812,kfygSSRV11RfXnSSemkoTw==
3113,images,Modules::Hmsk::CheckList,2625,3085,9AonpnR4oYRT8Xch6e8x7CqX,image-1686734152277,image/jpeg,"{""identified""=>true, ""width""=>1080, ""height""=>1440, ""analyzed""=>true}",321686,ZmJH21r1fC+x9Nh4NWIz6A==
3114,images,Modules::Hmsk::CheckList,2625,3086,UNF1qEbvgA4175F7Yd5YZ7Sr,image-1686734156832,image/jpeg,"{""identified""=>true, ""width""=>1080, ""height""=>1440, ""analyzed""=>true}",402743,M3CePQD9+pbFxvCuda1yEw==
3115,images,Modules::Hmsk::CheckList,2625,3087,xnV5Yispg872Wzsg2Bg9voQD,image-1686734199322,image/jpeg,"{""identified""=>true, ""width""=>1080, ""height""=>1440, ""analyzed""=>true}",423220,TAboEeqM+xM7pl32y0I0Ww==
3116,images,Modules::Hmsk::CheckList,2625,3088,5zBTGqNerRRt6i1Zj2Pw3cXo,image-1686734228197,image/jpeg,"{""identified""=>true, ""width""=>1080, ""height""=>1440, ""analyzed""=>true}",448227,0kwyBSD8yoz6clUz0OTIbA==
3117,images,Modules::Hmsk::CheckList,2625,3089,kkLBMXsR5MUhki5hkxM1mqS1,image-1686734342444,image/jpeg,"{""identified""=>true, ""width""=>1080, ""height""=>1440, ""analyzed""=>true}",345369,aV6L6Wx5qOpfhV7ZNLyRzg==
3118,images,Modules::Hmsk::CheckList,2625,3090,ckxve7WjEsfh9jDyJ851fGCe,image-1686734369034,image/jpeg,"{""identified""=>true, ""width""=>1080, ""height""=>1440, ""analyzed""=>true}",455401,iI6bPeDmjJApUrSL8PLXFQ==
3119,images,Modules::Hmsk::CheckList,2625,3091,6N9xrAD5UqpkXVUt8fvdJN5u,image-1686734375139,image/jpeg,"{""identified""=>true, ""width""=>1080, ""height""=>1440, ""analyzed""=>true}",508109,VyNA8kglX32F5/jef/FkFQ==
3145,images,Modules::Hmsk::CheckList,2655,3117,itHEgvcV75TBqBPhEQXFWFsc,image-1687328035021,image/jpeg,"{""identified""=>true, ""width""=>1080, ""height""=>1440, ""analyzed""=>true}",464136,HF0sXzm7JKT50EXTIZcNrQ==
3146,images,Modules::Hmsk::CheckList,2655,3118,kdpcmtfVEwEH5tZpdUsiys4X,image-1687328097383,image/jpeg,"{""identified""=>true, ""width""=>1080, ""height""=>1440, ""analyzed""=>true}",376258,NDlrtmkFUNc8cRpsoJDYZg==
3147,images,Modules::Hmsk::CheckList,2655,3119,iND4CUEcpKyP1ZTwVs4GU2JH,image-1687328105232,image/jpeg,"{""identified""=>true, ""width""=>1080, ""height""=>1440, ""analyzed""=>true}",375755,csDKiS96DjyayLlh9xjyCA==
3148,images,Modules::Hmsk::CheckList,2655,3120,ZHTmiB4HqahvoSDLp9Gr367g,image-1687328215083,image/jpeg,"{""identified""=>true, ""width""=>1080, ""height""=>1440, ""analyzed""=>true}",538370,lGrbV5sv9s5hx+A6lwP4FA==
3184,images,Modules::Hmsk::CheckList,2685,3156,ffsVcx3vNkCGL8KkMJVPT4Gj,image-1687942050900,image/jpeg,"{""identified""=>true, ""width""=>1080, ""height""=>1440, ""analyzed""=>true}",490561,3LXJFeQqps3GOGRo30adqQ==
3185,images,Modules::Hmsk::CheckList,2685,3157,BcPGbUTPrtFFptvdSEApbfvW,image-1687942082123,image/jpeg,"{""identified""=>true, ""width""=>1080, ""height""=>1440, ""analyzed""=>true}",383872,osx9r6hrEg7ADTrPTs0tBQ==
3186,images,Modules::Hmsk::CheckList,2685,3158,wPtkzmQbxG5MtG3swBYw1AHs,image-1687942158608,image/jpeg,"{""identified""=>true, ""width""=>1080, ""height""=>1440, ""analyzed""=>true}",453271,SOGO3++iEPuTyW9wktvGrA==
3254,images,Modules::Hmsk::CheckList,2715,3197,DnDccVGqbkLsU3MWtreHkUWC,image-1688610646536,image/jpeg,"{""identified""=>true, ""width""=>1080, ""height""=>1441, ""analyzed""=>true}",386491,/X8BL+dTjTNiWTCyqt9XUA==
3255,images,Modules::Hmsk::CheckList,2715,3198,Ypnar9BSPK1Czw679oGCH2MQ,image-1688610736213,image/jpeg,"{""identified""=>true, ""width""=>1080, ""height""=>1441, ""analyzed""=>true}",357196,OVwQeslTlIWxF5UNqKF2ZQ==
3256,images,Modules::Hmsk::CheckList,2715,3199,ohPHDNrdufeft9pkmUsTJ57g,image-1688610847068,image/jpeg,"{""identified""=>true, ""width""=>1080, ""height""=>1441, ""analyzed""=>true}",212093,f9/XGp1KxGKFDdsTATh+hg==
3257,images,Modules::Hmsk::CheckList,2715,3200,cDoFpyToeeW3S8rH917ZqUWB,image-1688610852930,image/jpeg,"{""identified""=>true, ""width""=>1080, ""height""=>1441, ""analyzed""=>true}",345637,1WWtTIUZH50MGkDqDiK9pQ==
3271,images,Modules::Hmsk::CheckList,2776,3214,PcKCZ72R2WBZcSTWhcxm2PPf,tmp_avatar_1689242701494.jpg,image/jpeg,"{""identified""=>true, ""width""=>591, ""height""=>443, ""analyzed""=>true}",156134,cTdtgUyE/OSk0bJbZy3AXQ==
3272,images,Modules::Hmsk::CheckList,2776,3215,cQUni4fzTZbuUCCxyMoM4sNR,tmp_avatar_1689242712916.jpg,image/jpeg,"{""identified""=>true, ""width""=>591, ""height""=>443, ""analyzed""=>true}",244526,0y77l5GXoOLsbBvROdveXw==
3273,images,Modules::Hmsk::CheckList,2776,3216,gZob9uRmT77AWcoqR8eMNsMt,tmp_avatar_1689242776959.jpg,image/jpeg,"{""identified""=>true, ""width""=>591, ""height""=>443, ""analyzed""=>true}",216172,W77JLEHe3IEbLucMUXWE9g==
3274,images,Modules::Hmsk::CheckList,2776,3217,LAYwmqgM151mZzcZcVvXhDr6,tmp_avatar_1689242907864.jpg,image/jpeg,"{""identified""=>true, ""width""=>591, ""height""=>443, ""analyzed""=>true}",217286,zI7AnU3olfj8s6oFHQanaQ==
3275,images,Modules::Hmsk::CheckList,2776,3218,MDfvSE9JFBbQa1hniYYyyBkq,tmp_avatar_1689242914120.jpg,image/jpeg,"{""identified""=>true, ""width""=>591, ""height""=>443, ""analyzed""=>true}",191231,b3v4Mu4AUpUgkSELs/ncKg==
3277,images,Modules::Hmsk::CheckList,2802,3220,GSVAhR9DyMq89fdVDPr2mrG3,tmp_avatar_1689739855189.jpg,image/jpeg,"{""identified""=>true, ""width""=>591, ""height""=>443, ""analyzed""=>true}",230257,z3LuRFG78ffPiKP+UZe6FQ==
3310,images,Modules::Hmsk::CheckList,2837,3253,KjabN3gfh5SddDT9idsnMjgS,image-1690955370781,image/jpeg,"{""identified""=>true, ""width""=>1080, ""height""=>1440, ""analyzed""=>true}",549977,dXct2jjPvDAkbiGt5RxAkg==
3311,images,Modules::Hmsk::CheckList,2837,3254,1DCJZsEQP1hFKURc4ho6PvYa,image-1690955427513,image/jpeg,"{""identified""=>true, ""width""=>1080, ""height""=>1440, ""analyzed""=>true}",579416,QRp8wykvTS+5fSX/ohr4Jg==
3312,images,Modules::Hmsk::CheckList,2837,3255,xaKwPWZm9NPVKEwpaNkw6gpB,image-1690955484832,image/jpeg,"{""identified""=>true, ""width""=>1080, ""height""=>1440, ""analyzed""=>true}",386436,2ORce06e7T4yEREOhAa1Tw==
3343,images,Modules::Hmsk::CheckList,2860,3286,geBrijqus1F6bQkJMvUi4nbU,image-1691563482364,image/jpeg,"{""identified""=>true, ""width""=>1080, ""height""=>1440, ""analyzed""=>true}",530255,9Y4S68xeYcRexIvoGN6bEg==
3344,images,Modules::Hmsk::CheckList,2860,3287,67Hf4oV2pm4kKJTmoZrZ8aNc,image-1691563527166,image/jpeg,"{""identified""=>true, ""width""=>1080, ""height""=>1440, ""analyzed""=>true}",390248,qGTmzWe2Hde4xasT5CVUQw==
3345,images,Modules::Hmsk::CheckList,2860,3288,9z1L2fcAjes5iTjsAT3swRZ1,image-1691563534116,image/jpeg,"{""identified""=>true, ""width""=>1080, ""height""=>1440, ""analyzed""=>true}",445000,1ZyvrBYyFvGBwIbkP4EKPg==
3346,images,Modules::Hmsk::CheckList,2860,3289,bSsbzDsgerYZUFWBLpuNPa89,image-1691563561134,image/jpeg,"{""identified""=>true, ""width""=>1080, ""height""=>1440, ""analyzed""=>true}",298957,m0LWVay6nD17bi3zApxLQg==
3386,images,Modules::Hmsk::CheckList,2886,3329,Bd4zMB8DaNattG8YYAmc2Ad9,image-1692167146984,image/jpeg,"{""identified""=>true, ""width""=>1080, ""height""=>1440, ""analyzed""=>true}",513035,0FPHuyHirGOZs5xz3dJvfQ==
3387,images,Modules::Hmsk::CheckList,2886,3330,8e67HnPKG8gvd5Rx1TKj8e9K,image-1692167180352,image/jpeg,"{""identified""=>true, ""width""=>1080, ""height""=>1440, ""analyzed""=>true}",437153,1f0hpEwRZMF0GGaBm1YHng==
3407,images,Modules::Hmsk::CheckList,2912,3350,NPTodxhJgUGe6eTx8HyYmxyM,image-1692769447069,image/jpeg,"{""identified""=>true, ""width""=>1080, ""height""=>1440, ""analyzed""=>true}",423566,D7/oGCBVFVjPbkDaB2LpYw==
3408,images,Modules::Hmsk::CheckList,2912,3351,MdydMj1jAhE8CaNva6cQgMAh,image-1692769454256,image/jpeg,"{""identified""=>true, ""width""=>1080, ""height""=>1440, ""analyzed""=>true}",473468,+jQR5/KeNAZxXwchVhIcIw==
3409,images,Modules::Hmsk::CheckList,2912,3352,NKcGuWztiQbkNhr4AcrkptAN,image-1692769514610,image/jpeg,"{""identified""=>true, ""width""=>1080, ""height""=>1440, ""analyzed""=>true}",345425,EYX85gdP9C0DTJ5Jd6nxjA==
3410,images,Modules::Hmsk::CheckList,2912,3353,LBfpWJcTvDFkzRMBoyJbZiHK,image-1692769520719,image/jpeg,"{""identified""=>true, ""width""=>1080, ""height""=>1440, ""analyzed""=>true}",507034,8oda6vHB3tgPqXo3UUu8Sw==
3411,images,Modules::Hmsk::CheckList,2912,3354,XpLzDEj43gBW85F71HZSQBax,image-1692769551076,image/jpeg,"{""identified""=>true, ""width""=>1080, ""height""=>1440, ""analyzed""=>true}",408511,eiZx4UKhs9qqeI9bkkijxg==
3444,images,Modules::Hmsk::CheckList,2984,3387,LudX1atS9anvJb2hKuFwwhmB,image-1693400777552,image/jpeg,"{""identified""=>true, ""width""=>1080, ""height""=>1440, ""analyzed""=>true}",148089,R0Gmoq9U69h7kT6mpRS9qg==
3445,images,Modules::Hmsk::CheckList,2984,3388,b6q2biUU38W12gtZFN9Ewzeq,image-1693400850619,image/jpeg,"{""identified""=>true, ""width""=>1080, ""height""=>1440, ""analyzed""=>true}",251792,EAFXslSfJUVFSRG9cDCEUw==
3446,images,Modules::Hmsk::CheckList,2984,3389,4P8Eo8bq2HwKSBFzdsn6zMsA,image-1693400885532,image/jpeg,"{""identified""=>true, ""width""=>1080, ""height""=>1440, ""analyzed""=>true}",161243,J6HdyakSzUeAZ7A0BiPlkQ==
3447,images,Modules::Hmsk::CheckList,2984,3390,p7ToSkjsU2h2VbAxJMRhfqNp,image-1693400924315,image/jpeg,"{""identified""=>true, ""width""=>1080, ""height""=>1440, ""analyzed""=>true}",127938,ng80vx3pa0IJc0ovP+5oHQ==
3482,images,Modules::Hmsk::CheckList,3075,3425,JA5tegaNykumc2WFTTePjnyi,image-1693988867361,image/jpeg,"{""identified""=>true, ""width""=>1080, ""height""=>1440, ""analyzed""=>true}",342239,FL8QWzbKnf44rmQQYpZq/g==
3516,images,Modules::Hmsk::CheckList,3101,3457,UVLENPu6MFAYKjQcTwywQRAn,image-1694585734930,image/jpeg,"{""identified""=>true, ""width""=>1080, ""height""=>1440, ""analyzed""=>true}",399060,iYsD3RwAti1x1rIoU5Gz6w==
3556,images,Modules::Hmsk::CheckList,3125,3497,4W6SRRdWWJ1doMJZQFesyiju,image-1695189473098,image/jpeg,"{""identified""=>true, ""width""=>1080, ""height""=>1440, ""analyzed""=>true}",349228,1bZmlN/+/NHv2keeA9QTfw==
3557,images,Modules::Hmsk::CheckList,3125,3498,zcFKjjexnT6XnLYeLJZmvSbW,image-1695189509877,image/jpeg,"{""identified""=>true, ""width""=>1080, ""height""=>1440, ""analyzed""=>true}",445619,l/UMfmhxSYIVOQnmdAaSjw==
3558,images,Modules::Hmsk::CheckList,3125,3499,VLJZpQ9N6HwL6brXMvBWrBHP,image-1695189586937,image/jpeg,"{""identified""=>true, ""width""=>1080, ""height""=>1440, ""analyzed""=>true}",419281,y7COpljUYnvwrNUPJAfvBA==
3559,images,Modules::Hmsk::CheckList,3125,3500,QzZpQAdXdMAb3sPK9hSTPLo6,image-1695189630034,image/jpeg,"{""identified""=>true, ""width""=>1080, ""height""=>1440, ""analyzed""=>true}",295529,cnofAJ9aMxnoWOE2l6yzcg==
3592,images,Modules::Hmsk::CheckList,3150,3533,W561STPsagXheXxGdj9GxQDf,image-1695889919325,image/jpeg,"{""identified""=>true, ""width""=>1080, ""height""=>1440, ""analyzed""=>true}",308311,lcEiAy1WZ8j6cZ8HeB6xjA==
3593,images,Modules::Hmsk::CheckList,3150,3534,whgiHvpmHEhbmyxZ8S3GJ5SA,image-1695889962505,image/jpeg,"{""identified""=>true, ""width""=>1080, ""height""=>1440, ""analyzed""=>true}",389182,WnDGGKeOlwoU5p5hogRjQQ==
3594,images,Modules::Hmsk::CheckList,3150,3535,hU1usXnh4jZ1ikY6wGeUvk54,image-1695889999062,image/jpeg,"{""identified""=>true, ""width""=>1080, ""height""=>1440, ""analyzed""=>true}",490193,GkNjgSakWpb1QdPRlM7K1A==
3629,images,Modules::Hmsk::CheckList,3177,3568,qPkMgugVYRXgRb5EudPmm2Pj,image-1696410042099,image/jpeg,"{""identified""=>true, ""width""=>1080, ""height""=>1440, ""analyzed""=>true}",400902,JKb7kDidathTw+hNBq7P9w==
3630,images,Modules::Hmsk::CheckList,3177,3569,XjLSZo9Kw8REoJQ6qteS6JJ8,image-1696410061078,image/jpeg,"{""identified""=>true, ""width""=>1080, ""height""=>1440, ""analyzed""=>true}",420231,ZZwPlfB5Oob0aqfoVZleXg==
3631,images,Modules::Hmsk::CheckList,3177,3570,QNLdkajEAET3B4o61qRbyDoL,image-1696410095766,image/jpeg,"{""identified""=>true, ""width""=>1080, ""height""=>1440, ""analyzed""=>true}",352678,n/rABn9B9NpUJBId+Xx7mg==
3728,images,Modules::Hmsk::CheckList,3226,3626,8T5vvBD4MrVuqjwzRGng49q6,image-1697092348162,image/jpeg,"{""identified""=>true, ""width""=>1080, ""height""=>1440, ""analyzed""=>true}",443179,Wcw4351DrP/PLpCNXY/uBA==
3729,images,Modules::Hmsk::CheckList,3226,3627,gdiPKfL4neXX9gS1SR2MRuXi,image-1697092352405,image/jpeg,"{""identified""=>true, ""width""=>1080, ""height""=>1440, ""analyzed""=>true}",392862,kx4VUvO30+8wFjS0f/KJmw==
3730,images,Modules::Hmsk::CheckList,3226,3628,xobP9M2bqnUgXfeRvSF6mvAA,image-1697092388381,image/jpeg,"{""identified""=>true, ""width""=>1080, ""height""=>1440, ""analyzed""=>true}",438292,ZRJk+XL68MggRuLRWedoOg==
3800,images,Modules::Hmsk::CheckList,3257,3653,Tiuoiu6EtYagKUigZsVX7fxv,image-1697617618527,image/jpeg,"{""identified""=>true, ""width""=>1080, ""height""=>1440, ""analyzed""=>true}",432863,xrUUTdQs/BnsK5J8jub2Kg==
3801,images,Modules::Hmsk::CheckList,3257,3654,9SreQfYpJxiE6Eh4wdV8eom5,image-1697617647240,image/jpeg,"{""identified""=>true, ""width""=>1080, ""height""=>1440, ""analyzed""=>true}",418458,PQ2+7ryvtOBEUj557CEOCQ==
3888,images,Modules::Hmsk::CheckList,3312,3692,eSGUkjTnB4Z6ub9pkN7X6nTN,image-1698909293154,image/jpeg,"{""identified""=>true, ""width""=>1080, ""height""=>1440, ""analyzed""=>true}",323603,xQTLuxjknxkmiuZ3xLgfXA==
3889,images,Modules::Hmsk::CheckList,3312,3693,h6tqCrkqh6RUcD57LpmBL9pf,image-1698909359793,image/jpeg,"{""identified""=>true, ""width""=>1080, ""height""=>1440, ""analyzed""=>true}",365874,woM5S/o9vK/IGqRGmoi9oQ==
3890,images,Modules::Hmsk::CheckList,3312,3694,P3Nx2KkZPpQpwvHPto4urpy6,image-1698909401993,image/jpeg,"{""identified""=>true, ""width""=>1080, ""height""=>1440, ""analyzed""=>true}",418709,tq62KTpX56R3Qx0EeaB3hA==
3891,images,Modules::Hmsk::CheckList,3312,3695,SReEDdM8wCRa9SRVi5EiaGdA,image-1698909408042,image/jpeg,"{""identified""=>true, ""width""=>1080, ""height""=>1440, ""analyzed""=>true}",381492,FUnzHnMAklszvIq2J91e9A==
3922,images,Modules::Hmsk::CheckList,3339,3724,ymT9fRkSNUDjrocgHu2G18Up,image-1699454183472,image/jpeg,"{""identified""=>true, ""width""=>1080, ""height""=>1440, ""analyzed""=>true}",154053,laS/Thn9kSvm7D4avejvIw==
3923,images,Modules::Hmsk::CheckList,3339,3725,pnK9cFoA78BLUrycD7ebird5,image-1699454193926,image/jpeg,"{""identified""=>true, ""width""=>1080, ""height""=>1440, ""analyzed""=>true}",130158,o30ISFefCZzahteU02L6PA==
3924,images,Modules::Hmsk::CheckList,3339,3726,YvrhWHKcffQWohpTwuZiLPvC,image-1699454198984,image/jpeg,"{""identified""=>true, ""width""=>1080, ""height""=>1440, ""analyzed""=>true}",128462,zXycRdeKzPuDua7RZX4Lrw==
3925,images,Modules::Hmsk::CheckList,3339,3727,wLq7JS9mGSuqJAfPo9FRosPN,image-1699454207138,image/jpeg,"{""identified""=>true, ""width""=>1080, ""height""=>1440, ""analyzed""=>true}",195332,RR/avRzHGrcITsqecfcBBQ==
3939,images,Modules::Hmsk::CheckList,3366,3741,pXUKmethD8LKkFaH1u92TPkq,image-1700031125203,image/jpeg,"{""identified""=>true, ""width""=>1080, ""height""=>1440, ""analyzed""=>true}",354048,DPGXreKqMKgD4LFMTTzqcg==
3970,images,Modules::Hmsk::CheckList,3396,3772,VYcDjC424nRjkeq2pstLZpuV,image-1700641539435,image/jpeg,"{""identified""=>true, ""width""=>1080, ""height""=>1440, ""analyzed""=>true}",290766,YrbbDRClOmWc6MvX+SB3rw==
3971,images,Modules::Hmsk::CheckList,3396,3773,reG3gdKCcz3Xk1N1HvpP6mjF,image-1700641561639,image/jpeg,"{""identified""=>true, ""width""=>1080, ""height""=>1440, ""analyzed""=>true}",393933,6kt6828yLC0I4UkRj0EkSA==
3972,images,Modules::Hmsk::CheckList,3396,3774,rvgCrfDuJfFuZ9L4o9C7RT4P,image-1700641611605,image/jpeg,"{""identified""=>true, ""width""=>1080, ""height""=>1440, ""analyzed""=>true}",311075,r+NMvZqU+iTcALRp3CCt/A==
3973,images,Modules::Hmsk::CheckList,3396,3775,UfLGkY3wTGVLwHSKTpYwy6dE,image-1700641645600,image/jpeg,"{""identified""=>true, ""width""=>1080, ""height""=>1440, ""analyzed""=>true}",399914,AzizCF3OkAcKv6VI9fSqQg==
4020,images,Modules::Hmsk::CheckList,3426,3822,FBfWAKbnhKhXwaURcTHm2Dtt,image-1701255751915,image/jpeg,"{""identified""=>true, ""width""=>1080, ""height""=>1440, ""analyzed""=>true}",288636,LRr77nz6v3jRxrpbJwO/uA==
4021,images,Modules::Hmsk::CheckList,3426,3823,N4ZQgCsg9K2m1VWw4TaRXzpv,image-1701255870409,image/jpeg,"{""identified""=>true, ""width""=>1080, ""height""=>1440, ""analyzed""=>true}",206601,z6cnmGSC/+tNq8W2mw6Ayw==
4022,images,Modules::Hmsk::CheckList,3426,3824,5Diio4JRUrhWVQ4TnFATjXnw,image-1701255963354,image/jpeg,"{""identified""=>true, ""width""=>1080, ""height""=>1440, ""analyzed""=>true}",248369,LNbeaKyh9gVcM/HHetX8Hw==
4123,images,Modules::Hmsk::CheckList,3466,3911,tGEDpGTjftZbbSREs6a23Zbw,image-1701851329476,image/jpeg,"{""identified""=>true, ""width""=>1080, ""height""=>1440, ""analyzed""=>true}",368190,13wA7hIx5+Sh5imgL+vlKQ==
4124,images,Modules::Hmsk::CheckList,3466,3912,jkjJSfqwt2d6v6eZQQCtvrf8,image-1701851409134,image/jpeg,"{""identified""=>true, ""width""=>1080, ""height""=>1440, ""analyzed""=>true}",358319,Ce4qai1jaIjNvZgwWFM+NQ==
4175,images,Modules::Hmsk::CheckList,3499,3961,efnoxEfezTUcDtre8dA9RYZw,image-1702468172027,image/jpeg,"{""identified""=>true, ""width""=>1080, ""height""=>1440, ""analyzed""=>true}",449676,szAv97gznrmDzVKGY25Fcg==
4176,images,Modules::Hmsk::CheckList,3499,3962,s51GoDTH9T5T9AYwQhfNhAk7,image-1702468278312,image/jpeg,"{""identified""=>true, ""width""=>1080, ""height""=>1440, ""analyzed""=>true}",433713,0VXpubN7//w2ouwKoINPpg==
4287,images,Modules::Hmsk::CheckList,3528,4073,6UEyZZ2iW14Qd3NWBpYMG7Js,image-1703062527120,image/jpeg,"{""identified""=>true, ""width""=>1080, ""height""=>1440, ""analyzed""=>true}",348297,sMnc6w9ptghqcUP416RwQA==
4288,images,Modules::Hmsk::CheckList,3528,4074,C9H9z228GgPm5ig197tGGiSV,image-1703062593817,image/jpeg,"{""identified""=>true, ""width""=>1080, ""height""=>1440, ""analyzed""=>true}",417409,kxMgcOy30WYg46yJaJ3WnA==
4289,images,Modules::Hmsk::CheckList,3528,4075,5pdcmQbBoC97zRH3jAk9NHzT,image-1703062731135,image/jpeg,"{""identified""=>true, ""width""=>1080, ""height""=>1440, ""analyzed""=>true}",457261,SrnwpFGr5HeWw8m2X40T1w==
4313,images,Modules::Hmsk::CheckList,3545,4099,wjzv5Hy7zpMSwUr8in6xkECm,image-1703670961672,image/jpeg,"{""identified""=>true, ""width""=>1080, ""height""=>1440, ""analyzed""=>true}",317334,9Cuk4iU/PSPkfoa8R6hKWA==
4314,images,Modules::Hmsk::CheckList,3545,4100,ZyJ7ZL12QpvvQrZRYgwHSvQL,image-1703671069082,image/jpeg,"{""identified""=>true, ""width""=>1080, ""height""=>1440, ""analyzed""=>true}",424758,nDH/XR/c0RJ0jnM9PpdzqQ==
4408,images,Modules::Hmsk::CheckList,3599,4194,C57mzeEb6NUFQi7AopXs24cA,image-1704974757964,image/jpeg,"{""identified""=>true, ""width""=>1080, ""height""=>608, ""analyzed""=>true}",170560,ESPhVo1h9RIrd1GMfcRg3g==
4409,images,Modules::Hmsk::CheckList,3599,4195,FkGUJSVdebp8ZgtYx8Mrtu51,image-1704974787867,image/jpeg,"{""identified""=>true, ""width""=>1080, ""height""=>608, ""analyzed""=>true}",133987,KMK9A3ZoPp3bNEG9BnTqJQ==
4410,images,Modules::Hmsk::CheckList,3599,4196,dbwcRSLEAGAmWF2LZDNFTchL,image-1704974817273,image/jpeg,"{""identified""=>true, ""width""=>1080, ""height""=>608, ""analyzed""=>true}",177836,O7azDi54TMhWy/WWA3Hi6g==
4411,images,Modules::Hmsk::CheckList,3599,4197,95z243MZjVjiKsRy6pytBZ2L,image-1704974843904,image/jpeg,"{""identified""=>true, ""width""=>1080, ""height""=>608, ""analyzed""=>true}",148825,mTVIZJwi1eN6zO1aP9+iog==
4412,images,Modules::Hmsk::CheckList,3599,4198,QeboHUCXNFTieHYEPzmm8Uz8,image-1704974865365,image/jpeg,"{""identified""=>true, ""width""=>1080, ""height""=>608, ""analyzed""=>true}",180427,bRiHsGHYnKhGywQLv7P2Zg==
4413,images,Modules::Hmsk::CheckList,3599,4199,H2BdCjteieqsQNnjaP6p4R8c,image-1704974889369,image/jpeg,"{""identified""=>true, ""width""=>1080, ""height""=>1918, ""analyzed""=>true}",375182,58IbimftH8S2cRSrhZnwoQ==
4414,images,Modules::Hmsk::CheckList,3599,4200,zzmGqkMGwzh3i6eZcgWJeWeX,image-1704974904244,image/jpeg,"{""identified""=>true, ""width""=>1080, ""height""=>1918, ""analyzed""=>true}",299734,QzCGaoLM0VAUaLtEjSmH3A==
4415,images,Modules::Hmsk::CheckList,3599,4201,NEun7tgUqq6gPUrQnF6DTnA7,image-1704974913423,image/jpeg,"{""identified""=>true, ""width""=>1080, ""height""=>1918, ""analyzed""=>true}",210572,gh75QY1df0hmnZqxwuItOQ==
4416,images,Modules::Hmsk::CheckList,3599,4202,Xr9fcGDPtTLEvuBscre8fDcc,image-1704974946102,image/jpeg,"{""identified""=>true, ""width""=>1080, ""height""=>1918, ""analyzed""=>true}",345279,6n59BT1eHD8qc1B9f4Iw7w==
4417,images,Modules::Hmsk::CheckList,3599,4203,xYxNN2z6HrrEQ1TPzwAdBFt5,image-1704974980908,image/jpeg,"{""identified""=>true, ""width""=>1080, ""height""=>1918, ""analyzed""=>true}",324275,yxa03nz3YpXB71LUBXLELQ==
4418,images,Modules::Hmsk::CheckList,3599,4204,sSmXGXzNWUex2hcUZsZHnaww,image-1704975037656,image/jpeg,"{""identified""=>true, ""width""=>1080, ""height""=>1918, ""analyzed""=>true}",368133,KVXuVZzA/RhKlZ8nWx5gtQ==
4419,images,Modules::Hmsk::CheckList,3599,4205,HdF6WqHpXBmCumoWi18dQoTF,image-1704975142160,image/jpeg,"{""identified""=>true, ""width""=>1080, ""height""=>1918, ""analyzed""=>true}",325719,FF/Y/I/9IkUk2WRuv9+S9Q==
4420,images,Modules::Hmsk::CheckList,3599,4206,mTL7wn2Jh9PVWGy2UEfLLiHc,image-1704975173571,image/jpeg,"{""identified""=>true, ""width""=>1080, ""height""=>1918, ""analyzed""=>true}",368133,KVXuVZzA/RhKlZ8nWx5gtQ==
4443,images,Modules::Hmsk::CheckList,3621,4229,nVFVB3UcUYP6EAvVpdiyMD42,image-1705475130071,image/jpeg,"{""identified""=>true, ""width""=>1080, ""height""=>1440, ""analyzed""=>true}",420013,uK/mlFbengd0KtULsO2YTg==
4444,images,Modules::Hmsk::CheckList,3621,4230,8t8K7HrdckLxQYTcHK2tzErJ,image-1705475181967,image/jpeg,"{""identified""=>true, ""width""=>1080, ""height""=>1440, ""analyzed""=>true}",395932,A/mhpWCBMNLkSewB+XjPAQ==
4445,images,Modules::Hmsk::CheckList,3621,4231,2Gi3NRvNRWU8Gx9SUtdVjdUr,image-1705475633092,image/jpeg,"{""identified""=>true, ""width""=>1080, ""height""=>1440, ""analyzed""=>true}",224293,sYfzaVd9ysoAxsu41NRsDA==
4526,images,Modules::Hmsk::CheckList,3655,4312,aBSTubXEXduE4getBjys6eH8,image-1706080414017,image/jpeg,"{""identified""=>true, ""width""=>1080, ""height""=>1440, ""analyzed""=>true}",288691,mdryzXLgqWpKsZ5NWdJ65Q==
4527,images,Modules::Hmsk::CheckList,3655,4313,LPYUz6Vtd1UTyRhGS1cCxMod,image-1706080477636,image/jpeg,"{""identified""=>true, ""width""=>1080, ""height""=>1440, ""analyzed""=>true}",282447,QP+sJ5nYRQpPGh6NVc9lpw==
4528,images,Modules::Hmsk::CheckList,3655,4314,LgWkBbo8C2dHptHbAdpgdBZG,image-1706080668374,image/jpeg,"{""identified""=>true, ""width""=>1080, ""height""=>1440, ""analyzed""=>true}",457038,E4ltON6/LzzS8pJXBfzoaA==
4529,images,Modules::Hmsk::CheckList,3655,4315,F9Pqnsa6pwBM2DEfz4Gt73it,image-1706080773726,image/jpeg,"{""identified""=>true, ""width""=>1080, ""height""=>1440, ""analyzed""=>true}",391509,WxTZ+AKc4ijV8I2l4AkWig==
